Train Accuracy: 0.9583
Train Classification Report:
                precision    recall  f1-score   support

NotRetrievable       0.96      0.95      0.96      5278
   Retrievable       0.95      0.96      0.96      5278

      accuracy                           0.96     10556
     macro avg       0.96      0.96      0.96     10556
  weighted avg       0.96      0.96      0.96     10556

Test Accuracy: 0.6814
Test Classification Report:
                precision    recall  f1-score   support

NotRetrievable       0.68      0.68      0.68      1320
   Retrievable       0.68      0.68      0.68      1320

      accuracy                           0.68      2640
     macro avg       0.68      0.68      0.68      2640
  weighted avg       0.68      0.68      0.68      2640

# Metric explanations:
# precision: Of all samples predicted as this class, the proportion that are actually this class (true positive rate among predicted positives).
# recall: Of all actual samples of this class, the proportion that are correctly predicted (true positive rate among actual positives).
# f1-score: Harmonic mean of precision and recall, reflecting the balance between them.
# support: The number of true samples of this class in the dataset.
# accuracy: Overall proportion of correctly predicted samples.
# macro avg: Unweighted mean of the metric across all classes.
# weighted avg: Mean of the metric across all classes, weighted by the number of true samples for each class.

Best params:
{'colsample_bytree': 1.0, 'learning_rate': 0.03, 'max_depth': 6, 'n_estimators': 300, 'subsample': 0.7}
Best CV score: 0.6810350245180835
Feature importances:
[0.00232626 0.00216935 0.00258383 0.00189127 0.00219265 0.00256081
 0.00205227 0.00248322 0.00238419 0.0019475  0.00282046 0.00249048
 0.00262624 0.00248341 0.00212351 0.00208425 0.00247284 0.002401
 0.00231351 0.00245807 0.00212936 0.00266164 0.00231635 0.00276652
 0.0022677  0.00272795 0.00235989 0.0024159  0.00232832 0.00241373
 0.00222666 0.00275717 0.00180008 0.00194335 0.00300358 0.00295288
 0.00219865 0.00293591 0.00230366 0.00262896 0.00214723 0.00269943
 0.00207469 0.00234556 0.0024214  0.00258464 0.00238212 0.00254299
 0.00225362 0.00221431 0.00248373 0.00227409 0.00218434 0.00264241
 0.00242782 0.00244509 0.0023547  0.00208103 0.00228212 0.00244858
 0.00239843 0.00222683 0.00248168 0.00219237 0.00312706 0.0024761
 0.00270111 0.00216194 0.00277085 0.00254755 0.00261125 0.00262483
 0.00246546 0.00241787 0.00210854 0.0024431  0.00205914 0.00314096
 0.00270868 0.00266752 0.00245549 0.00228551 0.00262622 0.00235817
 0.00282523 0.00221022 0.00263867 0.00230738 0.00275507 0.00240288
 0.00253265 0.00238849 0.00251631 0.0021469  0.00250749 0.00246313
 0.0026116  0.00246457 0.0024571  0.00238175 0.00203276 0.00283302
 0.00233597 0.00271026 0.00228539 0.00205002 0.00261649 0.00275438
 0.00240029 0.00262037 0.00233406 0.00204581 0.0025     0.00211078
 0.00193417 0.00237758 0.00228364 0.00297278 0.00247556 0.00213736
 0.0026674  0.00244334 0.00286861 0.00238584 0.00318044 0.00246878
 0.00221107 0.00263709 0.00268712 0.0027569  0.00240234 0.00242024
 0.002824   0.0024955  0.00252937 0.00225925 0.00261264 0.00295973
 0.00204464 0.00249877 0.00232633 0.00221035 0.00216565 0.00208655
 0.00258505 0.00285432 0.00237967 0.00216157 0.00258651 0.00232148
 0.00213968 0.00254687 0.0028945  0.00232062 0.00250338 0.00240451
 0.0023434  0.00215568 0.0032573  0.00264421 0.00242824 0.00234825
 0.00259117 0.00249585 0.00224701 0.00226285 0.00230182 0.00320922
 0.00221653 0.00215269 0.00249552 0.00241746 0.00252605 0.00222859
 0.0019231  0.00252463 0.00295752 0.00261812 0.00242645 0.0027983
 0.00218944 0.00215736 0.0020377  0.00207329 0.0021519  0.00214468
 0.00259328 0.00295584 0.00256203 0.00264015 0.00303292 0.00258839
 0.00259944 0.00271394 0.00274477 0.00213959 0.00249832 0.00264136
 0.00278103 0.00269334 0.00255171 0.00235998 0.00208885 0.0027981
 0.00256596 0.00276421 0.00333712 0.00224783 0.00244521 0.00233843
 0.00197912 0.00226253 0.00197513 0.00205528 0.00233698 0.00243707
 0.00232161 0.00240842 0.00238905 0.00238596 0.00227771 0.00317299
 0.00261973 0.00240162 0.00246419 0.00265892 0.0024103  0.0024317
 0.00242512 0.00242375 0.0027018  0.00246777 0.00217151 0.00312642
 0.00245095 0.002488   0.00367892 0.00255689 0.0021851  0.00214044
 0.00256013 0.00263213 0.00272421 0.00217732 0.00282792 0.0031632
 0.00262235 0.00272963 0.00236809 0.00212751 0.00208509 0.00269491
 0.00252337 0.00230247 0.0020969  0.00260026 0.00241897 0.00265732
 0.00228482 0.00261415 0.00201386 0.00262509 0.00214836 0.0028207
 0.00239721 0.00263893 0.00281067 0.00249802 0.00237999 0.00223822
 0.00275    0.00234178 0.00243727 0.00265002 0.00301106 0.00228152
 0.00205882 0.00298252 0.00261707 0.00258824 0.00289141 0.00254962
 0.0029634  0.00274922 0.00247464 0.0024562  0.0024299  0.00287318
 0.00213705 0.00197791 0.00189278 0.00255557 0.00246907 0.00242648
 0.00294293 0.00230594 0.00229639 0.00260388 0.00231255 0.00225415
 0.00264756 0.00278542 0.00304074 0.00253905 0.00243478 0.00289682
 0.0027001  0.00256522 0.00270957 0.00281611 0.0026258  0.00238012
 0.0026432  0.00246094 0.00258351 0.00251527 0.00279331 0.00240098
 0.00246989 0.00525899 0.00272263 0.00282831 0.00247984 0.00314038
 0.00280074 0.00302432 0.00239672 0.00258077 0.00263152 0.00311632
 0.0022563  0.00253418 0.00236357 0.00238239 0.00254886 0.00270566
 0.00248062 0.00252438 0.00255154 0.00225641 0.00284316 0.00217641
 0.002578   0.00248756 0.00287392 0.00296152 0.00213831 0.00266173
 0.00230691 0.00228016 0.00269289 0.00253552 0.002337   0.00272526
 0.00243778 0.00213885 0.00238505 0.00239443 0.00252825 0.00287658
 0.00227237 0.00237057 0.00295943 0.00244722 0.00182118 0.00275813
 0.00239791 0.00249982 0.00249453 0.00270154 0.00263421 0.00278072
 0.00245797 0.00263522 0.00267493 0.00276191 0.00215698 0.0023844
 0.00230807 0.00319253 0.00276942 0.00310027 0.00281459 0.00249151
 0.00383019 0.0042155  0.01547175 0.00170765 0.00284614 0.00440122
 0.00429792 0.00390837 0.         0.        ]
