Train Accuracy: 0.9195
Train Classification Report:
                precision    recall  f1-score   support

NotRetrievable       0.95      0.82      0.88     25106
   Retrievable       0.91      0.97      0.94     44350

      accuracy                           0.92     69456
     macro avg       0.93      0.90      0.91     69456
  weighted avg       0.92      0.92      0.92     69456

Test Accuracy: 0.8390
Test Classification Report:
                precision    recall  f1-score   support

NotRetrievable       0.83      0.70      0.76      6277
   Retrievable       0.84      0.92      0.88     11088

      accuracy                           0.84     17365
     macro avg       0.84      0.81      0.82     17365
  weighted avg       0.84      0.84      0.84     17365

# Metric explanations:
# precision: Of all samples predicted as this class, the proportion that are actually this class (true positive rate among predicted positives).
# recall: Of all actual samples of this class, the proportion that are correctly predicted (true positive rate among actual positives).
# f1-score: Harmonic mean of precision and recall, reflecting the balance between them.
# support: The number of true samples of this class in the dataset.
# accuracy: Overall proportion of correctly predicted samples.
# macro avg: Unweighted mean of the metric across all classes.
# weighted avg: Mean of the metric across all classes, weighted by the number of true samples for each class.

Best params:
{'colsample_bytree': 1.0, 'learning_rate': 0.03, 'max_depth': 8, 'n_estimators': 300, 'subsample': 0.7}
Best CV score: 0.8367743607463719
Feature importances:
[0.00304665 0.00234654 0.00301462 0.00217373 0.002006   0.00213642
 0.00216463 0.00191234 0.00194043 0.00223851 0.00180651 0.00204569
 0.0022144  0.00231348 0.0019801  0.00214818 0.00238579 0.00263623
 0.00231819 0.00213909 0.00221109 0.00210343 0.00207531 0.00224641
 0.00241266 0.00220613 0.00187227 0.00191118 0.00208946 0.00248931
 0.00242104 0.00207919 0.00239647 0.00216067 0.0027538  0.00275621
 0.00259734 0.00223203 0.00216963 0.00201303 0.00236506 0.00208964
 0.00205737 0.00191303 0.00203277 0.00201476 0.00206016 0.00229111
 0.00188695 0.00232612 0.00198676 0.00251454 0.00209031 0.00221232
 0.00201233 0.0023195  0.00181721 0.00189293 0.00219834 0.00205279
 0.00223663 0.00214536 0.00198158 0.00206844 0.00237989 0.00214079
 0.002286   0.00219514 0.00186688 0.00204281 0.00232676 0.00219283
 0.0020559  0.00219905 0.00214187 0.00225051 0.00208926 0.00278542
 0.00206257 0.00206509 0.00209444 0.00223056 0.0019965  0.00246416
 0.00229047 0.00202032 0.00225483 0.0020012  0.00243484 0.00206327
 0.00234947 0.00228054 0.00227446 0.00200829 0.00209073 0.0019719
 0.00183635 0.00186569 0.0025158  0.00287418 0.00234685 0.00189899
 0.00212172 0.00230307 0.00207593 0.00224865 0.00203563 0.00232505
 0.002119   0.00183654 0.00206185 0.00227737 0.00272851 0.00218191
 0.00237172 0.00230648 0.00228823 0.00238964 0.00208683 0.00224245
 0.00266038 0.00222133 0.00237695 0.00196565 0.00218236 0.00215003
 0.00229525 0.00316155 0.0020367  0.00289705 0.00214134 0.0022343
 0.00236748 0.00253134 0.00243924 0.00206021 0.00218734 0.00244501
 0.00206764 0.00232704 0.00226871 0.00220093 0.0019864  0.00205838
 0.00208317 0.0019048  0.00214191 0.00232675 0.00220224 0.00221711
 0.00203837 0.00214954 0.0022086  0.00272061 0.00206655 0.0025454
 0.00220705 0.00341591 0.00201152 0.00240049 0.00197482 0.00195554
 0.00189677 0.00228267 0.00294522 0.0030945  0.00245386 0.00232255
 0.00198374 0.00219513 0.00214482 0.00253664 0.00228638 0.00221168
 0.00233436 0.00234315 0.00220617 0.00212601 0.00226721 0.00234143
 0.00225433 0.00246268 0.00212916 0.00209433 0.00224365 0.0019637
 0.00228609 0.00223355 0.00254257 0.00251397 0.00207501 0.00199209
 0.00219759 0.00209891 0.00217569 0.00227319 0.00227685 0.00224049
 0.00211672 0.00250593 0.00224706 0.00222066 0.0025192  0.00226713
 0.00254908 0.00258876 0.00211853 0.00188998 0.002311   0.00213743
 0.00191584 0.0020915  0.00260597 0.00208686 0.00231228 0.00205111
 0.00228749 0.00253321 0.0024415  0.00201933 0.00220505 0.00266539
 0.0028614  0.00255507 0.00219254 0.00238266 0.00241379 0.00222962
 0.00232542 0.00186887 0.00221987 0.00214933 0.00248266 0.00222345
 0.00208603 0.00208271 0.00217558 0.00211851 0.00278195 0.00227055
 0.00213104 0.0022187  0.00217274 0.00247618 0.00224567 0.0030857
 0.00224696 0.0020057  0.00239545 0.00273711 0.0025467  0.00221991
 0.00234443 0.00230443 0.00256868 0.00211633 0.00325808 0.00220454
 0.00262359 0.0025056  0.00205258 0.00234936 0.00297298 0.00211177
 0.00247432 0.00232801 0.0021469  0.00250921 0.00206973 0.00214709
 0.00210171 0.00223736 0.0021899  0.00218285 0.0029646  0.00218842
 0.00225389 0.00225396 0.00239925 0.00194509 0.00202311 0.00290936
 0.00208361 0.00199828 0.00213599 0.00202143 0.0025249  0.00214833
 0.00241602 0.00208487 0.00193658 0.00223368 0.00213537 0.00210529
 0.00289444 0.00243978 0.00265046 0.00197157 0.00237717 0.0023581
 0.00224274 0.00234223 0.00218452 0.00215767 0.00277348 0.00215467
 0.00255533 0.00243254 0.00313666 0.00221521 0.00256247 0.00225198
 0.0018947  0.00210766 0.00206613 0.00270384 0.00221415 0.00257286
 0.00231972 0.00404705 0.00193517 0.00232397 0.00223034 0.00226931
 0.00247079 0.00214053 0.00229339 0.00226595 0.00243039 0.00198581
 0.00252424 0.00225882 0.00265557 0.00268078 0.00204865 0.0023649
 0.00232726 0.00243682 0.00383886 0.00186627 0.00198606 0.00281779
 0.0020527  0.00229519 0.00218276 0.00207118 0.00226741 0.00222211
 0.00271439 0.00235784 0.0024055  0.0028659  0.00237863 0.00208953
 0.00229988 0.00217263 0.00213413 0.00201897 0.00221646 0.00324677
 0.0021295  0.00204505 0.00218902 0.00212911 0.00190546 0.00212511
 0.00256471 0.00232836 0.0021041  0.00227285 0.00226871 0.00235482
 0.00262244 0.00242858 0.00216808 0.00213805 0.00197841 0.00205954
 0.00220331 0.00248752 0.00226057 0.00251049 0.00225954 0.00239435
 0.0031705  0.00186876 0.05866089 0.00119918 0.0128499  0.03751374
 0.00727281 0.00278086 0.         0.        ]
